// Assembly-CSharp, Version=0.0.0.0, Culture=neutral, PublicKeyToken=null
// UnitySourceGeneratedAssemblyMonoScriptTypes_v1
using System.CodeDom.Compiler;
using System.ComponentModel;
using System.Runtime.CompilerServices;

[CompilerGenerated]
[EditorBrowsable(EditorBrowsableState.Never)]
[GeneratedCode("Unity.MonoScriptGenerator.MonoScriptInfoGenerator", null)]
internal class UnitySourceGeneratedAssemblyMonoScriptTypes_v1
{
	private struct MonoScriptData
	{
		public byte[] FilePathsData;

		public byte[] TypesData;

		public int TotalTypes;

		public int TotalFiles;

		public bool IsEditorOnly;
	}

	[MethodImpl(MethodImplOptions.AggressiveInlining)]
	private static MonoScriptData Get()
	{
		return new MonoScriptData
		{
			FilePathsData = new byte[3591]
			{
				0, 0, 0, 1, 0, 0, 0, 79, 92, 65,
				115, 115, 101, 116, 115, 92, 73, 109, 112, 111,
				114, 116, 115, 92, 71, 114, 101, 110, 97, 100,
				101, 84, 117, 114, 114, 101, 116, 67, 111, 110,
				116, 114, 111, 108, 108, 101, 114, 92, 68, 101,
				109, 111, 92, 83, 99, 114, 105, 112, 116, 115,
				92, 68, 101, 109, 111, 92, 75, 101, 121, 73,
				110, 112, 117, 116, 67, 111, 110, 116, 114, 111,
				108, 108, 101, 114, 46, 99, 115, 0, 0, 0,
				1, 0, 0, 0, 80, 92, 65, 115, 115, 101,
				116, 115, 92, 73, 109, 112, 111, 114, 116, 115,
				92, 71, 114, 101, 110, 97, 100, 101, 84, 117,
				114, 114, 101, 116, 67, 111, 110, 116, 114, 111,
				108, 108, 101, 114, 92, 68, 101, 109, 111, 92,
				83, 99, 114, 105, 112, 116, 115, 92, 68, 101,
				109, 111, 92, 84, 97, 110, 107, 73, 110, 112,
				117, 116, 67, 111, 110, 116, 114, 111, 108, 108,
				101, 114, 46, 99, 115, 0, 0, 0, 1, 0,
				0, 0, 70, 92, 65, 115, 115, 101, 116, 115,
				92, 73, 109, 112, 111, 114, 116, 115, 92, 71,
				114, 101, 110, 97, 100, 101, 84, 117, 114, 114,
				101, 116, 67, 111, 110, 116, 114, 111, 108, 108,
				101, 114, 92, 68, 101, 109, 111, 92, 83, 99,
				114, 105, 112, 116, 115, 92, 68, 101, 109, 111,
				92, 84, 97, 110, 107, 77, 111, 118, 101, 114,
				46, 99, 115, 0, 0, 0, 1, 0, 0, 0,
				75, 92, 65, 115, 115, 101, 116, 115, 92, 73,
				109, 112, 111, 114, 116, 115, 92, 71, 114, 101,
				110, 97, 100, 101, 84, 117, 114, 114, 101, 116,
				67, 111, 110, 116, 114, 111, 108, 108, 101, 114,
				92, 68, 101, 109, 111, 92, 83, 99, 114, 105,
				112, 116, 115, 92, 68, 101, 109, 111, 92, 84,
				97, 114, 103, 101, 116, 85, 73, 85, 112, 100,
				97, 116, 101, 46, 99, 115, 0, 0, 0, 1,
				0, 0, 0, 76, 92, 65, 115, 115, 101, 116,
				115, 92, 73, 109, 112, 111, 114, 116, 115, 92,
				71, 114, 101, 110, 97, 100, 101, 84, 117, 114,
				114, 101, 116, 67, 111, 110, 116, 114, 111, 108,
				108, 101, 114, 92, 68, 101, 109, 111, 92, 83,
				99, 114, 105, 112, 116, 115, 92, 68, 101, 109,
				111, 92, 84, 117, 114, 114, 101, 116, 85, 73,
				68, 101, 116, 97, 105, 108, 115, 46, 99, 115,
				0, 0, 0, 1, 0, 0, 0, 71, 92, 65,
				115, 115, 101, 116, 115, 92, 73, 109, 112, 111,
				114, 116, 115, 92, 71, 114, 101, 110, 97, 100,
				101, 84, 117, 114, 114, 101, 116, 67, 111, 110,
				116, 114, 111, 108, 108, 101, 114, 92, 83, 99,
				114, 105, 112, 116, 115, 92, 65, 114, 99, 68,
				105, 115, 112, 108, 97, 121, 67, 97, 108, 99,
				117, 108, 97, 116, 111, 114, 46, 99, 115, 0,
				0, 0, 1, 0, 0, 0, 68, 92, 65, 115,
				115, 101, 116, 115, 92, 73, 109, 112, 111, 114,
				116, 115, 92, 71, 114, 101, 110, 97, 100, 101,
				84, 117, 114, 114, 101, 116, 67, 111, 110, 116,
				114, 111, 108, 108, 101, 114, 92, 83, 99, 114,
				105, 112, 116, 115, 92, 71, 114, 101, 110, 97,
				100, 101, 67, 111, 110, 116, 114, 111, 108, 108,
				101, 114, 46, 99, 115, 0, 0, 0, 1, 0,
				0, 0, 74, 92, 65, 115, 115, 101, 116, 115,
				92, 73, 109, 112, 111, 114, 116, 115, 92, 71,
				114, 101, 110, 97, 100, 101, 84, 117, 114, 114,
				101, 116, 67, 111, 110, 116, 114, 111, 108, 108,
				101, 114, 92, 83, 99, 114, 105, 112, 116, 115,
				92, 71, 114, 101, 110, 97, 100, 101, 84, 117,
				114, 114, 101, 116, 67, 111, 110, 116, 114, 111,
				108, 108, 101, 114, 46, 99, 115, 0, 0, 0,
				1, 0, 0, 0, 93, 92, 65, 115, 115, 101,
				116, 115, 92, 73, 109, 112, 111, 114, 116, 115,
				92, 71, 114, 101, 110, 97, 100, 101, 84, 117,
				114, 114, 101, 116, 67, 111, 110, 116, 114, 111,
				108, 108, 101, 114, 92, 83, 99, 114, 105, 112,
				116, 115, 92, 72, 101, 108, 112, 101, 114, 115,
				92, 80, 97, 114, 116, 105, 99, 108, 101, 83,
				121, 115, 116, 101, 109, 68, 101, 115, 116, 114,
				111, 121, 65, 102, 116, 101, 114, 70, 105, 110,
				105, 115, 104, 101, 100, 46, 99, 115, 0, 0,
				0, 1, 0, 0, 0, 79, 92, 65, 115, 115,
				101, 116, 115, 92, 73, 109, 112, 111, 114, 116,
				115, 92, 71, 114, 101, 110, 97, 100, 101, 84,
				117, 114, 114, 101, 116, 67, 111, 110, 116, 114,
				111, 108, 108, 101, 114, 92, 83, 99, 114, 105,
				112, 116, 115, 92, 72, 101, 108, 112, 101, 114,
				115, 92, 80, 114, 111, 106, 101, 99, 116, 105,
				108, 101, 67, 97, 108, 99, 117, 108, 97, 116,
				111, 114, 46, 99, 115, 0, 0, 0, 1, 0,
				0, 0, 87, 92, 65, 115, 115, 101, 116, 115,
				92, 73, 109, 112, 111, 114, 116, 115, 92, 71,
				114, 101, 110, 97, 100, 101, 84, 117, 114, 114,
				101, 116, 67, 111, 110, 116, 114, 111, 108, 108,
				101, 114, 92, 83, 99, 114, 105, 112, 116, 115,
				92, 72, 101, 108, 112, 101, 114, 115, 92, 84,
				117, 114, 114, 101, 116, 66, 97, 114, 114, 101,
				108, 65, 110, 105, 109, 97, 116, 105, 111, 110,
				84, 114, 105, 103, 103, 101, 114, 46, 99, 115,
				0, 0, 0, 1, 0, 0, 0, 80, 92, 65,
				115, 115, 101, 116, 115, 92, 73, 109, 112, 111,
				114, 116, 115, 92, 71, 114, 101, 110, 97, 100,
				101, 84, 117, 114, 114, 101, 116, 67, 111, 110,
				116, 114, 111, 108, 108, 101, 114, 92, 83, 99,
				114, 105, 112, 116, 115, 92, 72, 101, 108, 112,
				101, 114, 115, 92, 84, 117, 114, 114, 101, 116,
				83, 111, 117, 110, 100, 67, 111, 110, 116, 114,
				111, 108, 108, 101, 114, 46, 99, 115, 0, 0,
				0, 1, 0, 0, 0, 61, 92, 65, 115, 115,
				101, 116, 115, 92, 73, 109, 112, 111, 114, 116,
				115, 92, 71, 114, 101, 110, 97, 100, 101, 84,
				117, 114, 114, 101, 116, 67, 111, 110, 116, 114,
				111, 108, 108, 101, 114, 92, 83, 99, 114, 105,
				112, 116, 115, 92, 72, 105, 116, 67, 104, 101,
				99, 107, 101, 114, 46, 99, 115, 0, 0, 0,
				1, 0, 0, 0, 72, 92, 65, 115, 115, 101,
				116, 115, 92, 73, 109, 112, 111, 114, 116, 115,
				92, 71, 114, 101, 110, 97, 100, 101, 84, 117,
				114, 114, 101, 116, 67, 111, 110, 116, 114, 111,
				108, 108, 101, 114, 92, 83, 99, 114, 105, 112,
				116, 115, 92, 84, 97, 114, 103, 101, 116, 68,
				97, 109, 97, 103, 101, 66, 101, 104, 97, 118,
				105, 111, 117, 114, 46, 99, 115, 0, 0, 0,
				1, 0, 0, 0, 49, 92, 65, 115, 115, 101,
				116, 115, 92, 83, 99, 114, 105, 112, 116, 115,
				92, 65, 110, 105, 109, 97, 116, 105, 111, 110,
				92, 89, 101, 108, 108, 111, 119, 67, 97, 114,
				100, 67, 111, 110, 116, 114, 111, 108, 108, 101,
				114, 46, 99, 115, 0, 0, 0, 1, 0, 0,
				0, 46, 92, 65, 115, 115, 101, 116, 115, 92,
				83, 99, 114, 105, 112, 116, 115, 92, 65, 117,
				116, 111, 109, 97, 116, 105, 111, 110, 92, 65,
				117, 116, 111, 77, 97, 116, 99, 104, 77, 97,
				110, 97, 103, 101, 114, 46, 99, 115, 0, 0,
				0, 1, 0, 0, 0, 45, 92, 65, 115, 115,
				101, 116, 115, 92, 83, 99, 114, 105, 112, 116,
				115, 92, 65, 117, 116, 111, 109, 97, 116, 105,
				111, 110, 92, 65, 117, 116, 111, 83, 116, 97,
				114, 116, 66, 117, 116, 116, 111, 110, 46, 99,
				115, 0, 0, 0, 1, 0, 0, 0, 44, 92,
				65, 115, 115, 101, 116, 115, 92, 83, 99, 114,
				105, 112, 116, 115, 92, 65, 117, 116, 111, 109,
				97, 116, 105, 111, 110, 92, 67, 108, 111, 115,
				101, 66, 111, 120, 66, 117, 116, 116, 111, 110,
				46, 99, 115, 0, 0, 0, 1, 0, 0, 0,
				40, 92, 65, 115, 115, 101, 116, 115, 92, 83,
				99, 114, 105, 112, 116, 115, 92, 65, 117, 116,
				111, 109, 97, 116, 105, 111, 110, 92, 77, 97,
				116, 99, 104, 69, 110, 116, 114, 121, 46, 99,
				115, 0, 0, 0, 1, 0, 0, 0, 40, 92,
				65, 115, 115, 101, 116, 115, 92, 83, 99, 114,
				105, 112, 116, 115, 92, 65, 117, 116, 111, 109,
				97, 116, 105, 111, 110, 92, 77, 97, 116, 99,
				104, 71, 114, 111, 117, 112, 46, 99, 115, 0,
				0, 0, 1, 0, 0, 0, 48, 92, 65, 115,
				115, 101, 116, 115, 92, 83, 99, 114, 105, 112,
				116, 115, 92, 65, 117, 116, 111, 109, 97, 116,
				105, 111, 110, 92, 77, 97, 116, 99, 104, 117,
				112, 69, 120, 99, 101, 108, 76, 111, 97, 100,
				101, 114, 46, 99, 115, 0, 0, 0, 1, 0,
				0, 0, 39, 92, 65, 115, 115, 101, 116, 115,
				92, 83, 99, 114, 105, 112, 116, 115, 92, 65,
				117, 116, 111, 109, 97, 116, 105, 111, 110, 92,
				82, 117, 110, 66, 117, 116, 116, 111, 110, 46,
				99, 115, 0, 0, 0, 1, 0, 0, 0, 42,
				92, 65, 115, 115, 101, 116, 115, 92, 83, 99,
				114, 105, 112, 116, 115, 92, 66, 97, 116, 116,
				108, 101, 92, 66, 97, 116, 116, 108, 101, 67,
				111, 110, 116, 114, 111, 108, 108, 101, 114, 46,
				99, 115, 0, 0, 0, 1, 0, 0, 0, 46,
				92, 65, 115, 115, 101, 116, 115, 92, 83, 99,
				114, 105, 112, 116, 115, 92, 66, 97, 116, 116,
				108, 101, 92, 80, 108, 97, 121, 101, 114, 66,
				111, 120, 68, 114, 97, 103, 72, 97, 110, 100,
				108, 101, 114, 46, 99, 115, 0, 0, 0, 1,
				0, 0, 0, 42, 92, 65, 115, 115, 101, 116,
				115, 92, 83, 99, 114, 105, 112, 116, 115, 92,
				66, 97, 116, 116, 108, 101, 92, 80, 108, 97,
				121, 101, 114, 67, 111, 110, 116, 114, 111, 108,
				108, 101, 114, 46, 99, 115, 0, 0, 0, 1,
				0, 0, 0, 45, 92, 65, 115, 115, 101, 116,
				115, 92, 83, 99, 114, 105, 112, 116, 115, 92,
				67, 111, 109, 109, 111, 110, 92, 65, 110, 105,
				109, 97, 116, 105, 111, 110, 67, 111, 110, 116,
				114, 111, 108, 108, 101, 114, 46, 99, 115, 0,
				0, 0, 1, 0, 0, 0, 36, 92, 65, 115,
				115, 101, 116, 115, 92, 83, 99, 114, 105, 112,
				116, 115, 92, 67, 111, 109, 109, 111, 110, 92,
				66, 71, 77, 77, 97, 110, 97, 103, 101, 114,
				46, 99, 115, 0, 0, 0, 1, 0, 0, 0,
				47, 92, 65, 115, 115, 101, 116, 115, 92, 83,
				99, 114, 105, 112, 116, 115, 92, 67, 111, 109,
				109, 111, 110, 92, 67, 117, 115, 116, 111, 109,
				69, 118, 101, 110, 116, 67, 111, 110, 116, 114,
				111, 108, 108, 101, 114, 46, 99, 115, 0, 0,
				0, 2, 0, 0, 0, 37, 92, 65, 115, 115,
				101, 116, 115, 92, 83, 99, 114, 105, 112, 116,
				115, 92, 67, 111, 109, 109, 111, 110, 92, 71,
				97, 109, 101, 77, 97, 110, 97, 103, 101, 114,
				46, 99, 115, 0, 0, 0, 1, 0, 0, 0,
				33, 92, 65, 115, 115, 101, 116, 115, 92, 83,
				99, 114, 105, 112, 116, 115, 92, 67, 111, 109,
				109, 111, 110, 92, 77, 111, 118, 97, 98, 108,
				101, 46, 99, 115, 0, 0, 0, 1, 0, 0,
				0, 43, 92, 65, 115, 115, 101, 116, 115, 92,
				83, 99, 114, 105, 112, 116, 115, 92, 67, 111,
				109, 109, 111, 110, 92, 79, 110, 108, 121, 70,
				111, 114, 69, 114, 114, 111, 114, 80, 111, 112,
				117, 112, 46, 99, 115, 0, 0, 0, 2, 0,
				0, 0, 45, 92, 65, 115, 115, 101, 116, 115,
				92, 83, 99, 114, 105, 112, 116, 115, 92, 67,
				111, 109, 109, 111, 110, 92, 82, 117, 110, 116,
				105, 109, 101, 68, 101, 98, 117, 103, 67, 111,
				110, 115, 111, 108, 101, 46, 99, 115, 0, 0,
				0, 1, 0, 0, 0, 41, 92, 65, 115, 115,
				101, 116, 115, 92, 83, 99, 114, 105, 112, 116,
				115, 92, 67, 111, 109, 109, 111, 110, 92, 83,
				99, 101, 110, 101, 67, 111, 110, 116, 114, 111,
				108, 108, 101, 114, 46, 99, 115, 0, 0, 0,
				1, 0, 0, 0, 42, 92, 65, 115, 115, 101,
				116, 115, 92, 83, 99, 114, 105, 112, 116, 115,
				92, 67, 111, 109, 109, 111, 110, 92, 83, 99,
				114, 101, 101, 110, 67, 111, 110, 116, 114, 111,
				108, 108, 101, 114, 46, 99, 115, 0, 0, 0,
				1, 0, 0, 0, 39, 92, 65, 115, 115, 101,
				116, 115, 92, 83, 99, 114, 105, 112, 116, 115,
				92, 67, 111, 109, 109, 111, 110, 92, 83, 112,
				101, 97, 107, 101, 114, 66, 117, 116, 116, 111,
				110, 46, 99, 115, 0, 0, 0, 2, 0, 0,
				0, 37, 92, 65, 115, 115, 101, 116, 115, 92,
				83, 99, 114, 105, 112, 116, 115, 92, 67, 111,
				109, 109, 111, 110, 92, 84, 105, 109, 101, 83,
				101, 114, 118, 105, 99, 101, 46, 99, 115, 0,
				0, 0, 1, 0, 0, 0, 43, 92, 65, 115,
				115, 101, 116, 115, 92, 83, 99, 114, 105, 112,
				116, 115, 92, 69, 110, 99, 114, 121, 112, 116,
				105, 111, 110, 92, 65, 101, 115, 69, 110, 99,
				114, 121, 112, 116, 105, 111, 110, 46, 99, 115,
				0, 0, 0, 1, 0, 0, 0, 33, 92, 65,
				115, 115, 101, 116, 115, 92, 83, 99, 114, 105,
				112, 116, 115, 92, 73, 110, 71, 97, 109, 101,
				92, 77, 97, 112, 68, 97, 116, 97, 46, 99,
				115, 0, 0, 0, 1, 0, 0, 0, 35, 92,
				65, 115, 115, 101, 116, 115, 92, 83, 99, 114,
				105, 112, 116, 115, 92, 73, 110, 71, 97, 109,
				101, 92, 77, 97, 112, 76, 111, 97, 100, 101,
				114, 46, 99, 115, 0, 0, 0, 1, 0, 0,
				0, 42, 92, 65, 115, 115, 101, 116, 115, 92,
				83, 99, 114, 105, 112, 116, 115, 92, 76, 97,
				117, 110, 99, 104, 101, 114, 92, 65, 117, 116,
				104, 67, 111, 110, 116, 114, 111, 108, 108, 101,
				114, 46, 99, 115, 0, 0, 0, 1, 0, 0,
				0, 42, 92, 65, 115, 115, 101, 116, 115, 92,
				83, 99, 114, 105, 112, 116, 115, 92, 76, 97,
				117, 110, 99, 104, 101, 114, 92, 72, 101, 108,
				112, 67, 111, 110, 116, 114, 111, 108, 108, 101,
				114, 46, 99, 115, 0, 0, 0, 1, 0, 0,
				0, 43, 92, 65, 115, 115, 101, 116, 115, 92,
				83, 99, 114, 105, 112, 116, 115, 92, 76, 97,
				117, 110, 99, 104, 101, 114, 92, 72, 101, 108,
				112, 67, 111, 110, 116, 114, 111, 108, 108, 101,
				114, 50, 46, 99, 115, 0, 0, 0, 1, 0,
				0, 0, 42, 92, 65, 115, 115, 101, 116, 115,
				92, 83, 99, 114, 105, 112, 116, 115, 92, 76,
				97, 117, 110, 99, 104, 101, 114, 92, 73, 110,
				105, 116, 67, 111, 110, 116, 114, 111, 108, 108,
				101, 114, 46, 99, 115, 0, 0, 0, 1, 0,
				0, 0, 46, 92, 65, 115, 115, 101, 116, 115,
				92, 83, 99, 114, 105, 112, 116, 115, 92, 76,
				97, 117, 110, 99, 104, 101, 114, 92, 76, 97,
				117, 110, 99, 104, 101, 114, 67, 111, 110, 116,
				114, 111, 108, 108, 101, 114, 46, 99, 115, 0,
				0, 0, 1, 0, 0, 0, 33, 92, 65, 115,
				115, 101, 116, 115, 92, 83, 99, 114, 105, 112,
				116, 115, 92, 77, 111, 100, 101, 108, 92, 68,
				101, 109, 111, 84, 97, 110, 107, 46, 99, 115,
				0, 0, 0, 1, 0, 0, 0, 40, 92, 65,
				115, 115, 101, 116, 115, 92, 83, 99, 114, 105,
				112, 116, 115, 92, 77, 111, 100, 101, 108, 92,
				79, 110, 108, 105, 110, 101, 65, 117, 116, 104,
				92, 68, 97, 116, 97, 46, 99, 115, 0, 0,
				0, 1, 0, 0, 0, 48, 92, 65, 115, 115,
				101, 116, 115, 92, 83, 99, 114, 105, 112, 116,
				115, 92, 77, 111, 100, 101, 108, 92, 79, 110,
				108, 105, 110, 101, 65, 117, 116, 104, 92, 82,
				101, 115, 112, 111, 110, 115, 101, 82, 111, 111,
				116, 46, 99, 115, 0, 0, 0, 1, 0, 0,
				0, 44, 92, 65, 115, 115, 101, 116, 115, 92,
				83, 99, 114, 105, 112, 116, 115, 92, 77, 111,
				100, 101, 108, 92, 79, 110, 108, 105, 110, 101,
				65, 117, 116, 104, 92, 85, 115, 101, 114, 76,
				105, 115, 116, 46, 99, 115, 0, 0, 0, 1,
				0, 0, 0, 29, 92, 65, 115, 115, 101, 116,
				115, 92, 83, 99, 114, 105, 112, 116, 115, 92,
				77, 111, 100, 101, 108, 92, 84, 97, 110, 107,
				46, 99, 115, 0, 0, 0, 1, 0, 0, 0,
				29, 92, 65, 115, 115, 101, 116, 115, 92, 83,
				99, 114, 105, 112, 116, 115, 92, 77, 111, 100,
				101, 108, 92, 84, 101, 97, 109, 46, 99, 115,
				0, 0, 0, 1, 0, 0, 0, 29, 92, 65,
				115, 115, 101, 116, 115, 92, 83, 99, 114, 105,
				112, 116, 115, 92, 77, 111, 100, 101, 108, 92,
				85, 115, 101, 114, 46, 99, 115, 0, 0, 0,
				1, 0, 0, 0, 41, 92, 65, 115, 115, 101,
				116, 115, 92, 83, 99, 114, 105, 112, 116, 115,
				92, 78, 101, 116, 119, 111, 114, 107, 105, 110,
				103, 92, 65, 115, 121, 110, 99, 79, 98, 106,
				101, 99, 116, 46, 99, 115, 0, 0, 0, 1,
				0, 0, 0, 47, 92, 65, 115, 115, 101, 116,
				115, 92, 83, 99, 114, 105, 112, 116, 115, 92,
				78, 101, 116, 119, 111, 114, 107, 105, 110, 103,
				92, 78, 101, 116, 119, 111, 114, 107, 67, 111,
				110, 116, 114, 111, 108, 108, 101, 114, 46, 99,
				115, 0, 0, 0, 1, 0, 0, 0, 45, 92,
				65, 115, 115, 101, 116, 115, 92, 83, 99, 114,
				105, 112, 116, 115, 92, 80, 108, 97, 121, 66,
				97, 116, 116, 108, 101, 92, 66, 71, 97, 109,
				101, 67, 111, 110, 116, 114, 111, 108, 108, 101,
				114, 46, 99, 115, 0, 0, 0, 1, 0, 0,
				0, 50, 92, 65, 115, 115, 101, 116, 115, 92,
				83, 99, 114, 105, 112, 116, 115, 92, 80, 108,
				97, 121, 66, 97, 116, 116, 108, 101, 92, 80,
				108, 97, 121, 66, 97, 116, 116, 108, 101, 67,
				111, 110, 116, 114, 111, 108, 108, 101, 114, 46,
				99, 115, 0, 0, 0, 1, 0, 0, 0, 43,
				92, 65, 115, 115, 101, 116, 115, 92, 83, 99,
				114, 105, 112, 116, 115, 92, 80, 108, 97, 121,
				83, 116, 97, 103, 101, 92, 71, 97, 109, 101,
				67, 111, 110, 116, 114, 111, 108, 108, 101, 114,
				46, 99, 115, 0, 0, 0, 1, 0, 0, 0,
				42, 92, 65, 115, 115, 101, 116, 115, 92, 83,
				99, 114, 105, 112, 116, 115, 92, 80, 108, 97,
				121, 83, 116, 97, 103, 101, 92, 77, 97, 112,
				67, 111, 110, 116, 114, 111, 108, 108, 101, 114,
				46, 99, 115, 0, 0, 0, 1, 0, 0, 0,
				48, 92, 65, 115, 115, 101, 116, 115, 92, 83,
				99, 114, 105, 112, 116, 115, 92, 80, 108, 97,
				121, 83, 116, 97, 103, 101, 92, 80, 108, 97,
				121, 83, 116, 97, 103, 101, 67, 111, 110, 116,
				114, 111, 108, 108, 101, 114, 46, 99, 115, 0,
				0, 0, 1, 0, 0, 0, 42, 92, 65, 115,
				115, 101, 116, 115, 92, 83, 99, 114, 105, 112,
				116, 115, 92, 80, 108, 97, 121, 83, 116, 97,
				103, 101, 92, 83, 99, 111, 114, 101, 82, 101,
				103, 105, 115, 116, 101, 114, 46, 99, 115, 0,
				0, 0, 1, 0, 0, 0, 36, 92, 65, 115,
				115, 101, 116, 115, 92, 83, 99, 114, 105, 112,
				116, 115, 92, 80, 114, 101, 115, 101, 116, 115,
				92, 83, 116, 97, 103, 101, 83, 101, 116, 115,
				46, 99, 115, 0, 0, 0, 1, 0, 0, 0,
				40, 92, 65, 115, 115, 101, 116, 115, 92, 83,
				99, 114, 105, 112, 116, 115, 92, 83, 116, 97,
				103, 101, 92, 83, 116, 97, 103, 101, 67, 111,
				110, 116, 114, 111, 108, 108, 101, 114, 46, 99,
				115, 0, 0, 0, 1, 0, 0, 0, 44, 92,
				65, 115, 115, 101, 116, 115, 92, 83, 99, 114,
				105, 112, 116, 115, 92, 85, 116, 105, 108, 115,
				92, 68, 114, 97, 103, 68, 114, 111, 112, 70,
				105, 108, 101, 72, 97, 110, 100, 108, 101, 114,
				46, 99, 115, 0, 0, 0, 1, 0, 0, 0,
				40, 92, 65, 115, 115, 101, 116, 115, 92, 83,
				99, 114, 105, 112, 116, 115, 92, 85, 116, 105,
				108, 115, 92, 68, 114, 97, 103, 68, 114, 111,
				112, 77, 97, 110, 97, 103, 101, 114, 46, 99,
				115
			},
			TypesData = new byte[1365]
			{
				0, 0, 0, 0, 19, 124, 75, 101, 121, 73,
				110, 112, 117, 116, 67, 111, 110, 116, 114, 111,
				108, 108, 101, 114, 0, 0, 0, 0, 20, 124,
				84, 97, 110, 107, 73, 110, 112, 117, 116, 67,
				111, 110, 116, 114, 111, 108, 108, 101, 114, 0,
				0, 0, 0, 10, 124, 84, 97, 110, 107, 77,
				111, 118, 101, 114, 0, 0, 0, 0, 15, 124,
				84, 97, 114, 103, 101, 116, 85, 73, 85, 112,
				100, 97, 116, 101, 0, 0, 0, 0, 16, 124,
				84, 117, 114, 114, 101, 116, 85, 73, 68, 101,
				116, 97, 105, 108, 115, 0, 0, 0, 0, 21,
				124, 65, 114, 99, 68, 105, 115, 112, 108, 97,
				121, 67, 97, 108, 99, 117, 108, 97, 116, 111,
				114, 0, 0, 0, 0, 18, 124, 71, 114, 101,
				110, 97, 100, 101, 67, 111, 110, 116, 114, 111,
				108, 108, 101, 114, 0, 0, 0, 0, 24, 124,
				71, 114, 101, 110, 97, 100, 101, 84, 117, 114,
				114, 101, 116, 67, 111, 110, 116, 114, 111, 108,
				108, 101, 114, 0, 0, 0, 0, 35, 124, 80,
				97, 114, 116, 105, 99, 108, 101, 83, 121, 115,
				116, 101, 109, 68, 101, 115, 116, 114, 111, 121,
				65, 102, 116, 101, 114, 70, 105, 110, 105, 115,
				104, 101, 100, 0, 0, 0, 0, 21, 124, 80,
				114, 111, 106, 101, 99, 116, 105, 108, 101, 67,
				97, 108, 99, 117, 108, 97, 116, 111, 114, 0,
				0, 0, 0, 29, 124, 84, 117, 114, 114, 101,
				116, 66, 97, 114, 114, 101, 108, 65, 110, 105,
				109, 97, 116, 105, 111, 110, 84, 114, 105, 103,
				103, 101, 114, 0, 0, 0, 0, 22, 124, 84,
				117, 114, 114, 101, 116, 83, 111, 117, 110, 100,
				67, 111, 110, 116, 114, 111, 108, 108, 101, 114,
				0, 0, 0, 0, 11, 124, 72, 105, 116, 67,
				104, 101, 99, 107, 101, 114, 0, 0, 0, 0,
				22, 124, 84, 97, 114, 103, 101, 116, 68, 97,
				109, 97, 103, 101, 66, 101, 104, 97, 118, 105,
				111, 117, 114, 0, 0, 0, 0, 21, 124, 89,
				101, 108, 108, 111, 119, 67, 97, 114, 100, 67,
				111, 110, 116, 114, 111, 108, 108, 101, 114, 0,
				0, 0, 0, 17, 124, 65, 117, 116, 111, 77,
				97, 116, 99, 104, 77, 97, 110, 97, 103, 101,
				114, 0, 0, 0, 0, 16, 124, 65, 117, 116,
				111, 83, 116, 97, 114, 116, 66, 117, 116, 116,
				111, 110, 0, 0, 0, 0, 15, 124, 67, 108,
				111, 115, 101, 66, 111, 120, 66, 117, 116, 116,
				111, 110, 0, 0, 0, 0, 11, 124, 77, 97,
				116, 99, 104, 69, 110, 116, 114, 121, 0, 0,
				0, 0, 11, 124, 77, 97, 116, 99, 104, 71,
				114, 111, 117, 112, 0, 0, 0, 0, 19, 124,
				77, 97, 116, 99, 104, 117, 112, 69, 120, 99,
				101, 108, 76, 111, 97, 100, 101, 114, 0, 0,
				0, 0, 10, 124, 82, 117, 110, 66, 117, 116,
				116, 111, 110, 0, 0, 0, 0, 17, 124, 66,
				97, 116, 116, 108, 101, 67, 111, 110, 116, 114,
				111, 108, 108, 101, 114, 0, 0, 0, 0, 21,
				124, 80, 108, 97, 121, 101, 114, 66, 111, 120,
				68, 114, 97, 103, 72, 97, 110, 100, 108, 101,
				114, 0, 0, 0, 0, 7, 124, 80, 108, 97,
				121, 101, 114, 0, 0, 0, 0, 20, 124, 65,
				110, 105, 109, 97, 116, 105, 111, 110, 67, 111,
				110, 116, 114, 111, 108, 108, 101, 114, 0, 0,
				0, 0, 11, 124, 66, 71, 77, 77, 97, 110,
				97, 103, 101, 114, 0, 0, 0, 0, 22, 124,
				67, 117, 115, 116, 111, 109, 69, 118, 101, 110,
				116, 67, 111, 110, 116, 114, 111, 108, 108, 101,
				114, 0, 0, 0, 0, 10, 124, 84, 105, 109,
				101, 82, 97, 110, 103, 101, 0, 0, 0, 0,
				12, 124, 71, 97, 109, 101, 77, 97, 110, 97,
				103, 101, 114, 0, 0, 0, 0, 8, 124, 77,
				111, 118, 97, 98, 108, 101, 0, 0, 0, 0,
				18, 124, 79, 110, 108, 121, 70, 111, 114, 69,
				114, 114, 111, 114, 80, 111, 112, 117, 112, 0,
				0, 0, 0, 20, 124, 82, 117, 110, 116, 105,
				109, 101, 68, 101, 98, 117, 103, 67, 111, 110,
				115, 111, 108, 101, 0, 0, 0, 0, 28, 82,
				117, 110, 116, 105, 109, 101, 68, 101, 98, 117,
				103, 67, 111, 110, 115, 111, 108, 101, 124, 76,
				111, 103, 69, 110, 116, 114, 121, 0, 0, 0,
				0, 16, 124, 83, 99, 101, 110, 101, 67, 111,
				110, 116, 114, 111, 108, 108, 101, 114, 0, 0,
				0, 0, 17, 124, 83, 99, 114, 101, 101, 110,
				67, 111, 110, 116, 114, 111, 108, 108, 101, 114,
				0, 0, 0, 0, 14, 124, 83, 112, 101, 97,
				107, 101, 114, 66, 117, 116, 116, 111, 110, 0,
				0, 0, 0, 12, 124, 84, 105, 109, 101, 83,
				101, 114, 118, 105, 99, 101, 0, 0, 0, 0,
				24, 84, 105, 109, 101, 83, 101, 114, 118, 105,
				99, 101, 124, 84, 105, 109, 101, 82, 101, 115,
				112, 111, 110, 115, 101, 0, 0, 0, 0, 14,
				124, 65, 101, 115, 69, 110, 99, 114, 121, 112,
				116, 105, 111, 110, 0, 0, 0, 0, 8, 124,
				77, 97, 112, 68, 97, 116, 97, 0, 0, 0,
				0, 10, 124, 77, 97, 112, 76, 111, 97, 100,
				101, 114, 0, 0, 0, 0, 15, 124, 65, 117,
				116, 104, 67, 111, 110, 116, 114, 111, 108, 108,
				101, 114, 0, 0, 0, 0, 15, 124, 72, 101,
				108, 112, 67, 111, 110, 116, 114, 111, 108, 108,
				101, 114, 0, 0, 0, 0, 16, 124, 72, 101,
				108, 112, 67, 111, 110, 116, 114, 111, 108, 108,
				101, 114, 50, 0, 0, 0, 0, 15, 124, 73,
				110, 105, 116, 67, 111, 110, 116, 114, 111, 108,
				108, 101, 114, 0, 0, 0, 0, 19, 124, 76,
				97, 117, 110, 99, 104, 101, 114, 67, 111, 110,
				116, 114, 111, 108, 108, 101, 114, 0, 0, 0,
				0, 9, 124, 68, 101, 109, 111, 84, 97, 110,
				107, 0, 0, 0, 0, 5, 124, 68, 97, 116,
				97, 0, 0, 0, 0, 13, 124, 82, 101, 115,
				112, 111, 110, 115, 101, 82, 111, 111, 116, 0,
				0, 0, 0, 9, 124, 85, 115, 101, 114, 76,
				105, 115, 116, 0, 0, 0, 0, 5, 124, 84,
				97, 110, 107, 0, 0, 0, 0, 5, 124, 84,
				101, 97, 109, 0, 0, 0, 0, 5, 124, 85,
				115, 101, 114, 0, 0, 0, 0, 12, 124, 65,
				115, 121, 110, 99, 79, 98, 106, 101, 99, 116,
				0, 0, 0, 0, 18, 124, 78, 101, 116, 119,
				111, 114, 107, 67, 111, 110, 116, 114, 111, 108,
				108, 101, 114, 0, 0, 0, 0, 16, 124, 66,
				71, 97, 109, 101, 67, 111, 110, 116, 114, 111,
				108, 108, 101, 114, 0, 0, 0, 0, 21, 124,
				80, 108, 97, 121, 66, 97, 116, 116, 108, 101,
				67, 111, 110, 116, 114, 111, 108, 108, 101, 114,
				0, 0, 0, 0, 15, 124, 71, 97, 109, 101,
				67, 111, 110, 116, 114, 111, 108, 108, 101, 114,
				0, 0, 0, 0, 14, 124, 77, 97, 112, 67,
				111, 110, 116, 114, 111, 108, 108, 101, 114, 0,
				0, 0, 0, 20, 124, 80, 108, 97, 121, 83,
				116, 97, 103, 101, 67, 111, 110, 116, 114, 111,
				108, 108, 101, 114, 0, 0, 0, 0, 14, 124,
				83, 99, 111, 114, 101, 82, 101, 103, 105, 115,
				116, 101, 114, 0, 0, 0, 0, 10, 124, 83,
				116, 97, 103, 101, 83, 101, 116, 115, 0, 0,
				0, 0, 16, 124, 83, 116, 97, 103, 101, 67,
				111, 110, 116, 114, 111, 108, 108, 101, 114, 0,
				0, 0, 0, 20, 124, 68, 114, 97, 103, 68,
				114, 111, 112, 70, 105, 108, 101, 72, 97, 110,
				100, 108, 101, 114, 0, 0, 0, 0, 16, 124,
				68, 114, 97, 103, 68, 114, 111, 112, 77, 97,
				110, 97, 103, 101, 114
			},
			TotalFiles = 63,
			TotalTypes = 66,
			IsEditorOnly = false
		};
	}
}
